!
@
#
$
%
^
&
*
(
)
_
+
-
=
/
\\
|
?

!!
@@
##
$$
%%
^^
&&
--
**
((
))
__
++
==
//
\\\\
||
??
0
1
2
3
4
5
6
7
8
9
01
012
0123
01234
012345
0123456
01234567
012345678
0123456789
123456789
12
123
1234
12345
123456
1234567
12345678
123456789
654321
9876543210
987654321
87654321
7654321
654321
54321
4321
321
21
abc
1980
1981
1982
1983
1984
1985
1986
1987
1988
1989
1990
1991
1992
1993
1994
1995
1996
1997
1998
1999
2000
2001
2002
2003
2004
2005
2006
2007
2008
2009
2010
2011
2012
2013
2014
2015
2016
2017
2018
2019
2020
2021
2022
2023
2024
2025
2026
2027
2028
2029
2030
11
22
33
44
55
66
77
88
99
00
